016404
023651
026315
002199
002170
002326
018630
010318
001283
002067
004639
002066
004639
004639
001499
025659
018825
023587
003758
024588
026316
004021
016483
018411
002749
024132
013060
026938
025878
013017
014883
012941
014883
002533
025445
023526
025905
025905
025447
022828
026072
013173
026071
026004
025527
013550
022532
016224
015796
014217
018084
015618
015619
013168
025448
022828
024160
018825
018825
023354
031057
026416
030023
025770
024117
023601
022891
023309
030169
028930
024118
030317
026087
026945
023420
023601
025771
025945
026836
028463
028461
026552
031065
026940
025030
030316
031245
030635
028157
025771
030322
027022
014883
030617
030306
030311
030310
028241
031086
031086
028454
022892
026525
030867
028232
015354
018086
028547
027161
028690
026547
002578
023804
026037
015033
027551
015619
015618
005467
000652
005895
000558
005845
000651
000650
026594
029192
029193
030869
028730
009334
024703
023148
024716
024713
024703
025976
025487
002791
000495
002791
002791
025492
001555
024704
023149
025977
025983
024711
023149
025953
024717
026236
026236
014623
014491
023738
027200
024705
024704
024711
024705
023738
024705
026368
025955
001550
023739
024718
014460
014487
014610
026237
027199
027343
027344
023676
027207
023671
024605
019479
023666
027345
024676
024664
027206
024666
026288
024605
024646
026158
026144
025536
025536
013790
029496
019492
026179
026169
026149
016943
024621
024621
029498
029498
024614
024642
024655
029497
029497
018518
029497
029503
024605
024620
024604
016955
023672
025599
026289
029498
025992
008757
020741
024604
018553
029496
023759
029502
029509
029503
026170
023687
022252
029498
024621
023667
024615
029527
024604
018519
029510
016954
016954
029526
029905
029497
029496
025500
026173
014422
024619
024671
029509
024643
029508
023684
025535
024618
029501
024602
026011
026011
025596
024602
024610
024675
024663
025504
026112
024602
029494
024602
024602
022249
024617
029902
024660
027219
027206
027357
026137
026137
029519
024612
024677
024665
024665
024606
024606
026110
024604
024612
025506
029502
024606
009760
025509
029524
026142
027220
024611
024611
024670
029508
025998
029524
029520
029904
026152
024603
029494
029495
029495
029495
018550
009775
029495
026012
025505
024603
024603
024603
028905
028905
028905
028905
021705
027478
028955
030388
030387
028940
031470
029540
029545
029549
029541
029546
029550
029542
029549
029537
029545
029545
030883
028445
031102
031105
030785
031087
003526
009073
023826
019593
023830
019596
030694
019598
031098
003541
023825
031101
009075
025491
014316
023739
025490
023147
024719
025489
014465
025978
025990
025985
025991
025984
025989
014612
014613
014612
014613
023768
023766
023767
025985
025987
023765
014380
016350
023740
023739
001550
024707
024704
024704
022910
022910
024992
002841
023860
013178
023252
023253
022929
013195
025986
023243
023867
000053
022921
027158
028297
023868
012409
019988
012391
013222
013356
012818
000054
022919
013179
002841
013184
013220
022934
022916
023907
013197
013191
023916
022934
023849
002888
002886
002921
022920
013185
031195
030788
031094
019627
029545
030695
019600
023821
003549
003533
003536
000516
028278
023827
029629
024474
028277
023830
029623
018723
003797
014836
003535
031308
031312
031309
018682
009076
030174
025896
003749
030859
030683
031310
003542
018721
018681
030688
028272
020286
019592
031100
030931
030815
003231
002767
030815
020600
030815
031444
013970
030815
015410
015410
003202
015410
003199
003293
013977
020574
030806
020582
020596
002769
028385
028379
013974
021753
015420
024319
003596
031501
003041
031482
031461
002636
003040
031455
031458
031461
003608
031456
031490
031484
031457
031466
031494
011735
022805
031501
031493
031514
031523
031520
031468
028670
031450
022116
031455
022140
031460
022145
024413
031262
031493
031475
031501
031460
021739
031369
016030
022119
018849
031366
012259
031374
031363
024194
028566
028576
024413
022720
022806
022799
031378
030919
031362
031381
031475
031527
031361
031382
030917
031371
031359
031370
031379
031364
031376
024419
024421
030309
023303
023594
022879
026417
025032
023344
027877
031146
029828
023915
022883
026423
029197
026434
029379
030038
024513
030618
030036
028033
025029
026415
025771
026434
031281
024116
026945
027019
026945
027022
026799
027020
026415
028459
026949
030562
031222
026895
031330
026949
022862
030659
025906
030175
030175
031314
030879
011868
026320
029620
028443
031313
031095
031313
030878
031060
028053
031210
030878
031096
031093
019611
030881
028447
001117
031307
028447
026320
027860
023811
027750
031198
029218
030858
031063
029619
019625
019627
031195
030788
031094
027080
030392
012681
021783
027438
017333
017332
001769
023629
025325
024033
017085
028943
027097
030283
022549
024447
026612
026103
029471
026103
029472
027102
026664
021674
027368
015163
022581
027458
031283
027362
024061
017307
029158
029377
029375
029364
029363
026840
026737
029193
029192
030632
030616
031140
028693
026831
026829
029099
030644
030625
026623
031144
031144
031143
028454
030614
031221
029104
031287
031062
029368
031148
031148
027056
029419
030719
025158
027054
026778
026777
026882
026951
031199
031191
031326
031403
026879
028065
031272
020859
031122
031312
028098
029012
026462
029369
023630
028379
020597
030814
030815
029963
030929
030733
030733
030815
002773
020594
029963
003168
016945
027204
024667
029900
001521
012280
024629
029493
029493
001794
024601
018524
024624
001797
020743
029901
029517
026145
024630
026165
024668
024659
029506
024631
029507
029511
029507
009764
026141
026140
029901
029493
029494
029494
026180
024602
025994
024674
031339
028774
018525
020738
029518
029518
029522
029493
024616
028019
029931
029939
026324
025463
025464
029930
028699
031030
015712
015712
015712
015712
015712
015712
015712
015712
015712
015712
015712
015712
015712
015712
015712
024322
028341
030904
030847
030834
028509
022646
025790
029861
031254
030842
028510
031494
031451
031479
031253
031487
031487
031487
028585
031487
031487
031487
031487
031487
031487
031487
029922
029922
022228
026424
027876
026414
031128
026419
026418
020362
024234
024234
018406
026515
026514
029933
030104
030106
021526
015846
024299
022732
027762
030289
026796
026565
031391
022309
029828
016844
026806
026807
031392
027005
023476
029479
018100
014980
031127
021970
027013
029124
022033
023570
026422
031389
004636
004636
020328
028195
020426
003621
003622
020438
031126
031125
029940
028441
028249
019885
030747
019728
019853
011885
015808
027593
027599
002077
030068
031246
030797
022881
012555
029815
023891
016343
029280
027600
026956
026956
027918
027898
021828
027904
028014
029293
029447
031306
029283
030701
030264
031117
030172
030693
027052
018778
029139
027042
029422
031109
030320
028373
031219
029594
031110
029188
028984
023749
028982
027083
024074
018327
030408
026095
011600
028982
016907
030415
021793
023138
018314
030404
028989
027423
030419
024060
021543
026652
012688
026652
028944
027098
024027
028972
026665
028985
027444
027444
027081
029473
028985
028976
026670
030393
024019
029472
027416
024032
027416
018303
027477
027098
026097
028935
014477
026613
024448
027104
023537
023987
027478
030388
028945
026613
026667
028964
028973
028991
026666
023980
030416
028977
028983
026666
027434
023971
030405
030380
031455
031451
031255
018844
031515
028630
031502
028599
031516
028629
028661
031502
031516
031471
031502
031496
031483
031536
031528
022697
026349
028620
031505
022697
031372
019373
031423
029867
016406
030846
030887
029873
019566
031534
031534
031534
031406
030887
031410
015932
026340
031513
031513
031407
028494
028584
031472
031407
016648
031452
022133
022814
031453
010749
027035
013418
016557
002138
016558
027035
016558
027106
026998
030942
030584
030010
011801
029852
031321
024236
028419
025748
030011
029410
023995
025903
023933
029982
031322
030015
021531
030013
015028
029982
029835
025431
029835
028414
023753
029998
030026
031324
027001
028257
030731
029983
029988
024914
028377
030722
029976
029984
029971
028377
028389
020183
029986
020165
030723
030722
024526
030006
030005
028376
013946
030003
030003
030003
030003
028376
028376
029981
020197
028379
024523
013942
024522
029981
031276
030332
031189
031331
031152
031327
031334
031074
031284
028044
031238
028194
027093
031236
031201
028250
031238
030748
027938
031241
029198
030740
030670
028225
026447
031222
031222
030796
026853
031401
030798
028233
031066
030743
030657
031329
031248
031051
026536
027999
026587
031302
031279
031243
029340
031133
031305
030738
030748
030687
028213
031281
031332
031327
031327
031175
026598
030742
026752
030559
026596
022536
026618
021134
025409
022520
027205
024602
029494
029494
029494
029494
026176
026151
029523
029512
029519
024669
001743
020734
026166
025997
028775
028775
025995
000226
001664
028776
028775
029500
031340
020739
024663
001056
024675
009758
024664
024610
024603
024618
025501
029495
029903
029902
026151
024618
029495
024603
024603
024611
029903
027220
028776
027220
026167
027220
002803
020163
030249
029257
020186
024799
024756
028835
024823
031562
026277
025974
023196
023196
027245
028874
029313
029313
028891
028850
028840
030477
027266
028897
030247
027327
030216
028710
028881
030213
029656
028843
023174
027242
028897
023734
027255
026028
028839
031561
027257
025347
025350
030495
028865
027274
026269
023161
024752
025344
028859
026256
029690
023198
023200
023198
023200
018629
023737
028880
029723
028880
023733
030495
027269
026083
030227
023717
027265
025340
023722
030470
025973
025347
028826
028842
029318
027257
027244
029321
027265
029682
028893
028849
028896
023706
023736
028859
030481
028883
028869
023163
024770
023195
028890
028901
025576
026277
029647
026262
027275
028715
026026
029691
028853
018630
004466
030476
026253
031080
025965
026001
026025
026001
026253
026025
026083
028836
023716
024052
026653
026653
026127
028986
028990
030661
028986
030399
027092
027417
028963
025384
022525
027000
026954
029466
029411
028424
024236
029835
031320
031321
029833
026980
029998
030713
030008
029835
026890
029849
025320
030026
026955
028431
030015
024236
026954
029467
003697
028257
029982
026608
030713
028245
029982
021981
025749
028460
021943
028258
028420
029195
031121
031281
030515
026419
031057
031129
030032
030745
015846
015846
015846
031293
031293
029241
031057
031057
018410
029225
031147
026698
029556
030429
030438
029212
031318
031158
030752
029193
020419
031301
030599
027550
026938
003304
027136
026076
030428
030605
029995
031158
030521
031318
029004
029004
027812
021639
018212
030160
031209
021149
030324
026647
027521
021490
030326
028296
030158
026645
030159
027812
027813
029941
027814
027077
029003
026986
026991
028247
030347
030325
029408
030327
031234
021585
028215
028215
031206
031234
008681
029849
028257
030030
024139
028416
028458
026980
031163
010778
028259
028259
015023
026980
026954
022886
030010
024235
024603
026109
029495
024618
024603
024603
027359
018514
022737
009740
027358
031342
023669
028781
023677
024669
002057
028780
026166
029513
029520
024676
026142
031168
003030
030110
026172
026108
023669
031341
028776
028776
024603
023762
024603
028782
018545
028777
026013
009737
024606
009737
024606
026122
018558
001683
026143
026162
026153
029496
029525
024618
024645
029496
029496
012692
024450
027462
030668
027366
024017
027387
023992
014026
023981
028190
009502
027365
028132
006724
030407
018051
030406
030395
030421
027449
027380
024725
018629
028832
015707
001352
028888
028898
028844
028898
024813
029700
023724
029717
030478
022297
018631
023193
028851
028892
028898
027267
026267
027275
028887
028831
028871
025975
030483
030497
030468
023718
028845
030472
027276
028867
015687
028833
026027
026003
028879
028871
023712
030483
028847
026255
024782
028898
027328
023184
031349
029699
030458
030225
030228
029716
023199
026277
029307
029316
029307
028897
030482
027334
030207
029315
029326
028715
028830
027266
025560
030496
029319
029319
024753
028860
019147
026257
029691
026262
027266
028873
029312
028897
028887
028902
028830
030206
029576
031163
031320
029925
026980
026980
027127
021489
028257
030872
028259
026980
027127
028426
027365
026123
023529
026614
029474
018183
027479
030381
026614
027100
027466
027466
027489
024064
021660
027384
027393
024066
024047
018168
027387
027442
024004
027393
022528
027467
029790
029747
030506
030484
030488
023689
029740
030451
023689
030473
026239
026239
030454
015636
026239
030441
030441
024838
024838
024843
030473
002996
009174
028817
009602
019127
000453
029731
001485
010674
027300
002849
028817
019086
028817
002280
013819
013819
019125
023688
027295
023691
028817
016977
018870
009596
019127
001072
026238
028817
029777
029757
029796
029746
019001
028724
029789
029793
027306
027306
026238
026238
019116
020746
024612
026157
026183
024606
024606
026157
029525
026173
026148
029514
028782
029521
029514
024606
026178
023679
024670
023686
026173
019506
025996
009756
028783
031343
025507
029503
008795
027095
014386
018529
018546
014397
009750
019496
009738
020742
018546
023670
014403
024672
029521
020737
018518
029497
029497
020747
018535
020747
018535
018529
024671
024183
019136
027535
030401
028975
028987
027089
011532
027414
022585
014165
018300
018040
027367
024662
024633
001571
023670
014386
009762
024613
024678
009789
024605
024605
023764
024605
026014
027127
031085
031085
028457
026980
028417
012548
030398
026980
024235
029927
029924
029927
028680
026384
016080
026386
026389
016071
026381
026382
026379
026380
026380
026381
026390
026387
026389
016069
028191
028132
026406
026409
026391
026373
026420
026435
026421
016056
026411
026402
026410
016108
026410
026396
016062
026393
026412
026374
026374
030413
026655
027419
027420
030667
027366
022548
030418
025324
016088
016089
016100
016099
016059
026377
026413
016093
026398
016060
026400
026399
026378
031161
028260
019742
031169
031170
031172
028260
024038
021790
026668
002019
027431
028979
024183
027463
027436
027427
024111
027432
031521
028578
031492
031409
031452
028333
031519
031479
031452
028614
031521
031521
031452
028496
031506
022174
031497
031422
031485
031485
028487
031492
031506
031454
031491
031463
028616
031422
031524
031437
030932
031430
031428
029872
030823
029880
030884
028482
031262
022070
029874
030268
030835
031412
031412
028581
031434
031434
029856
030269
028583
028498
028315
031427
030308
031427
030962
030963
030963
029967
029965
029964
029965
029965
003740
003744
004195
003745
024171
024169
003770
024166
030809
030808
024166
030809
030808
029870
028393
030810
030040
026922
030810
024181
030808
028381
028383
030810
026926
028388
018354
029835
028997
029239
024527
026826
031183
027762
027755
027755
026533
031066
027151
031302
029443
031278
029630
031403
029194
031239
030750
031383
024494
028693
028312
028037
029196
029195
029198
029194
028547
028547
028547
031399
026769
022234
027849
031398
030305
029995
028176
029211
031035
031300
027853
025154
012504
028730
022033
030869
028312
029193
026052
029192
026594
031396
029421
029152
030538
029480
031328
031115
031113
028251
029937
030024
028365
029932
028102
029048
029437
026480
029054
030854
030658
030850
031089
031089
031351
031330
030749
031088
029934
030816
030816
030816
028895
028895
027273
009673
027273
023175
027290
028841
028864
023167
023186
026240
030455
026240
013821
029741
029741
029787
029787
030489
030448
030507
029748
030493
030440
030442
030474
028819
029748
027308
029744
030455
003005
024845
003003
029742
030490
023694
016984
024840
013822
026246
028820
026241
029788
014567
030508
013822
026241
026241
024845
016984
024845
013822
000456
028820
013822
030475
001318
001318
013823
019131
001318
019503
029515
025537
023680
022252
026174
026169
024649
026163
024605
024605
024613
003636
021237
020715
018523
003653
021237
029516
019498
001081
009739
018530
014387
019532
009762
004621
008810
020721
019480
018536
018530
018530
018553
016722
024721
024721
003854
024721
027388
011553
011568
011559
027472
018040
021665
001928
024184
024056
014611
027443
023982
030402
018162
006793
006710
030403
027468
011534
001971
003705
003700
003752
016282
003719
003734
028905
028905
028905
028905
028905
029323
004711
003532
029323
029324
028905
028905
029324
028905
028905
028905
028905
029460
028912
030159
011331
021848
021138
021723
030345
006328
001980
026055
011336
024102
017662
006870
023558
027074
021139
012693
002012
014134
027494
030363
001988
014140
027501
021730
011337
025376
017007
026660
030346
021725
027516
021671
030330
030346
030346
030335
030330
018227
014146
017663
030352
030364
014151
023560
027505
021725
021140
028908
030359
030330
030346
018058
027516
021140
030359
002007
027505
027508
027495
021510
027504
030510
002045
023700
027509
020175
001967
001975
011547
011607
011547
011606
030414
018171
030629
031397
030536
006099
026763
029697
015846
029310
024782
018573
002726
002727
029572
028759
031565
029581
029571
029576
023609
024903
023602
027350
029909
029909
028817
029731
029731
019127
029781
028818
028817
029739
026238
027233
027234
023786
024545
023786
023783
024590
024591
023782
019441
002468
018511
029323
004345
029310
004326
004329
030470
018597
031550
027165
027189
027189
031541
027190
031542
031546
031541
027191
027185
027191
027174
031553
027192
027192
027181
027187
027177
031549
031555
027188
027192
027168
031552
031547
028872
016895
030237
030226
028895
028895
031556
029328
023165
029308
030223
027268
016898
023705
002269
029305
018627
001359
016924
018628
026075
027264
018628
025968
029314
027264
027240
023709
026258
025558
028713
028828
019173
029714
001359
026275
026000
029320
031347
031560
025962
029654
029311
027256
027339
028895
028876
003043
027273
027273
031560
030211
027264
023182
001359
028882
022245
001390
027264
027325
027273
027273
023730
001393
028885
027519
030349
024096
013475
030333
012713
012712
021509
027530
021728
030287
024100
030361
018217
021647
021647
013475
002059
030375
030287
030334
030349
030333
027511
030355
024097
030350
030362
030339
030356
030356
018241
021333
021333
020118
030288
030376
030368
030368
027528
021514
027531
030334
030334
030357
030369
021334
018377
015832
001056
018727
022681
018727
015832
018727
018727
031056
018727
010784
031056
010784
018727
010784
030705
020288
004341
013842
013842
004341
003781
013842
003779
004341
007130
004341
003780
003781
013842
004341
013842
004341
013842
013842
004341
013843
013842
013842
007132
003781
007132
013842
003786
004343
024846
026246
030490
003001
024841
024841
030487
030486
030464
028821
013823
003008
008028
024845
024846
030465
030449
026242
026242
019131
026241
015666
029733
001318
013822
013822
003002
013823
030462
019163
029749
028727
019162
030465
029799
010113
002401
026210
027229
026198
028814
026210
030994
026185
018498
024557
030229
030229
025518
000422
026197
028806
028806
028793
019472
019472
019442
014306
028787
028703
019472
024585
023211
024556
026199
018486
030189
026215
023778
026007
023701
021726
030336
030353
030374
019910
030286
027525
030347
027510
024099
030286
021508
027497
030366
021174
028136
030348
030337
018215
026663
030360
027510
027546
024095
030354
020116
028807
018512
027342
024539
026188
002404
002444
010163
002447
010108
025959
026224
024581
024559
002475
002395
026008
025521
013842
007130
013842
003784
016997
001969
001972
028909
028811
026218
024558
023207
025519
026211
026202
028707
014304
023207
030181
002461
002448
028807
028811
028811
024582
024582
024560
024560
024543
024596
030196
026189
028811
025512
028807
019473
018502
019461
028794
025520
025619
018915
023779
024588
024588
021726
027517
017008
027502
011338
025377
027517
024094
016993
027496
014136
030371
018250
030285
027517
030331
028920
027545
030347
002048
016722
029310
024782
021732
027509
030285
029697
029637
029632
029632
018925
028822
029633
029633
028822
029633
029634
029636
029636
029636
029633
029632
029633
029632
029635
028823
028824
029634
029635
029634
029634
028750
014437
029606
029612
030192
030192
029612
027216
027216
002711
029612
029599
029582
027213
026065
029582
018572
018571
029611
009191
029817
028905
030160
025149
028926
028394
027596
030248
018631
027008
028896
029553
031401
030739
028928
028958
024875
029989
029179
029814
031567
031238
022536
018214
027495
031272
026067
008736
026805
030598
030531
029348
030533
026074
030524
028379
028748
030230
002448
030995
029490
026008
023780
028805
027202
023793
028808
026190
028788
026009
024586
026193
023791
002604
023783
026225
002449
024544
026203
023208
024546
023784
030996
028812
024566
028795
028794
026219
028792
023794
024583
024561
024567
026223
025961
025616
028789
025478
019465
026219
024544
028808
024583
002606
023208
026010
018632
029649
029709
019141
018632
018632
018632
018632
018632
024741
003097
019149
018632
018632
018632
022821
019091
029668
026264
029705
018632
029730
024818
028813
002632
014333
024594
026196
026208
019474
002624
030183
027232
023785
030233
025617
010112
002633
028816
027235
024594
024593
025522
024589
026226
026226
026209
026209
028808
030182
019462
019474
026212
002464
025514
015340
028706
023788
023210
024547
030232
015340
025958
024565
014329
001096
025618
019416
025517
025479
023781
028716
027267
018943
009643
025967
025971
018631
023185
023185
030497
030241
018631
018631
019007
028899
003122
023720
018631
018631
018631
018954
028899
001352
023727
024817
015246
015246
001353
030479
028899
028899
030460
030460
030502
030479
028899
027272
027289
024757
029729
019180
018570
028773
029616
018570
024679
029616
029616
029616
030194
029604
029580
031566
018570
009731
009731
009731
003291
029586
001268
018570
019543
029534
009732
009732
009732
029914
029914
030196
029612
029606
027208
030198
002711
027209
029577
028738
018573
029577
029613
029607
029607
029613
029607
030193
030193
030193
027209
029601
029601
029583
024683
026058
024695
018575
018575
018575
029575
019540
029579
029579
003251
029585
028772
029562
026060
018574
018574
028747
018568
029584
029584
029608
019539
028739
024681
024681
024681
028754
009729
028767
003251
009730
009730
029609
029615
028755
029562
024680
024680
026023
023155
026015
024904
029911
031344
023611
026022
028762
028771
009729
029574
029561
028764
028771
029573
029573
029583
024683
028751
029561
029561
026058
024683
029583
029601
027209
026058
028766
023154
026020
028756
024902
024903
024903
029910
024903
024903
024903
024903
023610
026021
024903
028757
024903
026021
027350
031345
026016
028974
027386
018038
027418
027479
022584
018137
028978
023547
024449
027441
027392
027386
028134
028131
028191
028974
001965
001968
001976
001970
001966
027311
027312
028744
029572
026370
029611
009684
026056
009684
002707
002707
027212
029611
027212
002707
002707
026061
029558
026061
000486
000487
018571
029605
029611
028702
003299
024699
029913
030191
023746
028748
028701
016833
030963
027596
031306
020285
023521
026690
029821
027732
027904
026059
023153
002711
009708
028899
029907
028809
002009
015832
030711
018680
015711
003690
003748
027187
030703
028818
030056
030055
